    1    1666.67     533.33  499466.67
    2    1664.89     535.11  498931.56
    3    1663.11     536.89  498394.66
    4    1661.32     538.68  497855.98
    5    1659.52     540.48  497315.50
    6    1657.72     542.28  496773.21
    7    1655.91     544.09  496229.13
    8    1654.10     545.90  495683.22
    9    1652.28     547.72  495135.50
   10    1650.45     549.55  494585.95
   11    1648.62     551.38  494034.57
   12    1646.78     553.22  493481.35
   13    1644.94     555.06  492926.29
   14    1643.09     556.91  492369.38
   15    1641.23     558.77  491810.61
   16    1639.37     560.63  491249.98
   17    1637.50     562.50  490687.48
   18    1635.62     564.38  490123.10
   19    1633.74     566.26  489556.85
   20    1631.86     568.14  488988.70
   21    1629.96     570.04  488418.67
   22    1628.06     571.94  487846.73
   23    1626.16     573.84  487272.88
   24    1624.24     575.76  486697.13
   25    1622.32     577.68  486119.45
   26    1620.40     579.60  485539.85
   27    1618.47     581.53  484958.31
   28    1616.53     583.47  484374.84
   29    1614.58     585.42  483789.43
   30    1612.63     587.37  483202.06
   31    1610.67     589.33  482612.73
   32    1608.71     591.29  482021.44
   33    1606.74     593.26  481428.18
   34    1604.76     595.24  480832.94
   35    1602.78     597.22  480235.71
   36    1600.79     599.21  479636.50
   37    1598.79     601.21  479035.29
   38    1596.78     603.22  478432.07
   39    1594.77     605.23  477826.85
   40    1592.76     607.24  477219.60
   41    1590.73     609.27  476610.33
   42    1588.70     611.30  475999.04
   43    1586.66     613.34  475385.70
   44    1584.62     615.38  474770.32
   45    1582.57     617.43  474152.89
   46    1580.51     619.49  473533.40
   47    1578.44     621.56  472911.84
   48    1576.37     623.63  472288.21
   49    1574.29     625.71  471662.51
   50    1572.21     627.79  471034.72
   51    1570.12     629.88  470404.83
   52    1568.02     631.98  469772.85
   53    1565.91     634.09  469138.76
   54    1563.80     636.20  468502.55
   55    1561.68     638.32  467864.23
   56    1559.55     640.45  467223.77
   57    1557.41     642.59  466581.19
   58    1555.27     644.73  465936.46
   59    1553.12     646.88  465289.58
   60    1550.97     649.03  464640.54
   61    1548.80     651.20  463989.35
   62    1546.63     653.37  463335.98
   63    1544.45     655.55  462680.43
   64    1542.27     657.73  462022.70
   65    1540.08     659.92  461362.77
   66    1537.88     662.12  460700.65
   67    1535.67     664.33  460036.32
   68    1533.45     666.55  459369.77
   69    1531.23     668.77  458701.01
   70    1529.00     671.00  458030.01
   71    1526.77     673.23  457356.78
   72    1524.52     675.48  456681.30
   73    1522.27     677.73  456003.57
   74    1520.01     679.99  455323.58
   75    1517.75     682.25  454641.33
   76    1515.47     684.53  453956.80
   77    1513.19     686.81  453269.99
   78    1510.90     689.10  452580.89
   79    1508.60     691.40  451889.49
   80    1506.30     693.70  451195.79
   81    1503.99     696.01  450499.78
   82    1501.67     698.33  449801.44
   83    1499.34     700.66  449100.78
   84    1497.00     703.00  448397.78
   85    1494.66     705.34  447692.44
   86    1492.31     707.69  446984.75
   87    1489.95     710.05  446274.70
   88    1487.58     712.42  445562.28
   89    1485.21     714.79  444847.49
   90    1482.82     717.18  444130.31
   91    1480.43     719.57  443410.75
   92    1478.04     721.96  442688.78
   93    1475.63     724.37  441964.41
   94    1473.21     726.79  441237.63
   95    1470.79     729.21  440508.42
   96    1468.36     731.64  439776.78
   97    1465.92     734.08  439042.70
   98    1463.48     736.52  438306.18
   99    1461.02     738.98  437567.20
  100    1458.56     741.44  436825.76
  101    1456.09     743.91  436081.84
  102    1453.61     746.39  435335.45
  103    1451.12     748.88  434586.57
  104    1448.62     751.38  433835.19
  105    1446.12     753.88  433081.31
  106    1443.60     756.40  432324.91
  107    1441.08     758.92  431565.99
  108    1438.55     761.45  430804.55
  109    1436.02     763.98  430040.56
  110    1433.47     766.53  429274.03
  111    1430.91     769.09  428504.94
  112    1428.35     771.65  427733.29
  113    1425.78     774.22  426959.07
  114    1423.20     776.80  426182.27
  115    1420.61     779.39  425402.88
  116    1418.01     781.99  424620.89
  117    1415.40     784.60  423836.29
  118    1412.79     787.21  423049.08
  119    1410.16     789.84  422259.24
  120    1407.53     792.47  421466.77
  121    1404.89     795.11  420671.66
  122    1402.24     797.76  419873.90
  123    1399.58     800.42  419073.48
  124    1396.91     803.09  418270.39
  125    1394.23     805.77  417464.62
  126    1391.55     808.45  416656.17
  127    1388.85     811.15  415845.03
  128    1386.15     813.85  415031.18
  129    1383.44     816.56  414214.61
  130    1380.72     819.28  413395.33
  131    1377.98     822.02  412573.31
  132    1375.24     824.76  411748.56
  133    1372.50     827.50  410921.05
  134    1369.74     830.26  410090.79
  135    1366.97     833.03  409257.76
  136    1364.19     835.81  408421.95
  137    1361.41     838.59  407583.36
  138    1358.61     841.39  406741.97
  139    1355.81     844.19  405897.78
  140    1352.99     847.01  405050.77
  141    1350.17     849.83  404200.94
  142    1347.34     852.66  403348.28
  143    1344.49     855.51  402492.77
  144    1341.64     858.36  401634.41
  145    1338.78     861.22  400773.19
  146    1335.91     864.09  399909.10
  147    1333.03     866.97  399042.13
  148    1330.14     869.86  398172.28
  149    1327.24     872.76  397299.52
  150    1324.33     875.67  396423.85
  151    1321.41     878.59  395545.26
  152    1318.48     881.52  394663.74
  153    1315.55     884.45  393779.29
  154    1312.60     887.40  392891.89
  155    1309.64     890.36  392001.53
  156    1306.67     893.33  391108.20
  157    1303.69     896.31  390211.89
  158    1300.71     899.29  389312.60
  159    1297.71     902.29  388410.31
  160    1294.70     905.30  387505.01
  161    1291.68     908.32  386596.69
  162    1288.66     911.34  385685.35
  163    1285.62     914.38  384770.97
  164    1282.57     917.43  383853.54
  165    1279.51     920.49  382933.05
  166    1276.44     923.56  382009.49
  167    1273.36     926.64  381082.86
  168    1270.28     929.72  380153.13
  169    1267.18     932.82  379220.31
  170    1264.07     935.93  378284.38
  171    1260.95     939.05  377345.33
  172    1257.82     942.18  376403.14
  173    1254.68     945.32  375457.82
  174    1251.53     948.47  374509.35
  175    1248.36     951.64  373557.71
  176    1245.19     954.81  372602.90
  177    1242.01     957.99  371644.91
  178    1238.82     961.18  370683.73
  179    1235.61     964.39  369719.34
  180    1232.40     967.60  368751.74
  181    1229.17     970.83  367780.91
  182    1225.94     974.06  366806.85
  183    1222.69     977.31  365829.54
  184    1219.43     980.57  364848.97
  185    1216.16     983.84  363865.13
  186    1212.88     987.12  362878.02
  187    1209.59     990.41  361887.61
  188    1206.29     993.71  360893.90
  189    1202.98     997.02  359896.88
  190    1199.66    1000.34  358896.54
  191    1196.32    1003.68  357892.86
  192    1192.98    1007.02  356885.84
  193    1189.62    1010.38  355875.46
  194    1186.25    1013.75  354861.71
  195    1182.87    1017.13  353844.58
  196    1179.48    1020.52  352824.06
  197    1176.08    1023.92  351800.14
  198    1172.67    1027.33  350772.81
  199    1169.24    1030.76  349742.05
  200    1165.81    1034.19  348707.86
  201    1162.36    1037.64  347670.22
  202    1158.90    1041.10  346629.12
  203    1155.43    1044.57  345584.55
  204    1151.95    1048.05  344536.50
  205    1148.45    1051.55  343484.95
  206    1144.95    1055.05  342429.90
  207    1141.43    1058.57  341371.34
  208    1137.90    1062.10  340309.24
  209    1134.36    1065.64  339243.60
  210    1130.81    1069.19  338174.42
  211    1127.25    1072.75  337101.66
  212    1123.67    1076.33  336025.34
  213    1120.08    1079.92  334945.42
  214    1116.48    1083.52  333861.91
  215    1112.87    1087.13  332774.78
  216    1109.25    1090.75  331684.03
  217    1105.61    1094.39  330589.64
  218    1101.97    1098.03  329491.61
  219    1098.31    1101.69  328389.91
  220    1094.63    1105.37  327284.54
  221    1090.95    1109.05  326175.49
  222    1087.25    1112.75  325062.74
  223    1083.54    1116.46  323946.29
  224    1079.82    1120.18  322826.11
  225    1076.09    1123.91  321702.20
  226    1072.34    1127.66  320574.54
  227    1068.58    1131.42  319443.12
  228    1064.81    1135.19  318307.93
  229    1061.03    1138.97  317168.95
  230    1057.23    1142.77  316026.18
  231    1053.42    1146.58  314879.61
  232    1049.60    1150.40  313729.20
  233    1045.76    1154.24  312574.97
  234    1041.92    1158.08  311416.88
  235    1038.06    1161.94  310254.94
  236    1034.18    1165.82  309089.12
  237    1030.30    1169.70  307919.42
  238    1026.40    1173.60  306745.82
  239    1022.49    1177.51  305568.31
  240    1018.56    1181.44  304386.87
  241    1014.62    1185.38  303201.49
  242    1010.67    1189.33  302012.16
  243    1006.71    1193.29  300818.87
  244    1002.73    1197.27  299621.60
  245     998.74    1201.26  298420.34
  246     994.73    1205.27  297215.07
  247     990.72    1209.28  296005.79
  248     986.69    1213.31  294792.47
  249     982.64    1217.36  293575.11
  250     978.58    1221.42  292353.70
  251     974.51    1225.49  291128.21
  252     970.43    1229.57  289898.64
  253     966.33    1233.67  288664.97
  254     962.22    1237.78  287427.18
  255     958.09    1241.91  286185.27
  256     953.95    1246.05  284939.23
  257     949.80    1250.20  283689.02
  258     945.63    1254.37  282434.65
  259     941.45    1258.55  281176.10
  260     937.25    1262.75  279913.36
  261     933.04    1266.96  278646.40
  262     928.82    1271.18  277375.22
  263     924.58    1275.42  276099.81
  264     920.33    1279.67  274820.14
  265     916.07    1283.93  273536.20
  266     911.79    1288.21  272247.99
  267     907.49    1292.51  270955.49
  268     903.18    1296.82  269658.67
  269     898.86    1301.14  268357.53
  270     894.53    1305.47  267052.06
  271     890.17    1309.83  265742.23
  272     885.81    1314.19  264428.04
  273     881.43    1318.57  263109.47
  274     877.03    1322.97  261786.50
  275     872.62    1327.38  260459.12
  276     868.20    1331.80  259127.32
  277     863.76    1336.24  257791.07
  278     859.30    1340.70  256450.38
  279     854.83    1345.17  255105.21
  280     850.35    1349.65  253755.56
  281     845.85    1354.15  252401.41
  282     841.34    1358.66  251042.75
  283     836.81    1363.19  249679.56
  284     832.27    1367.73  248311.83
  285     827.71    1372.29  246939.53
  286     823.13    1376.87  245562.66
  287     818.54    1381.46  244181.21
  288     813.94    1386.06  242795.14
  289     809.32    1390.68  241404.46
  290     804.68    1395.32  240009.14
  291     800.03    1399.97  238609.17
  292     795.36    1404.64  237204.54
  293     790.68    1409.32  235795.22
  294     785.98    1414.02  234381.20
  295     781.27    1418.73  232962.47
  296     776.54    1423.46  231539.02
  297     771.80    1428.20  230110.81
  298     767.04    1432.96  228677.85
  299     762.26    1437.74  227240.11
  300     757.47    1442.53  225797.57
  301     752.66    1447.34  224350.23
  302     747.83    1452.17  222898.07
  303     742.99    1457.01  221441.06
  304     738.14    1461.86  219979.20
  305     733.26    1466.74  218512.46
  306     728.37    1471.63  217040.84
  307     723.47    1476.53  215564.31
  308     718.55    1481.45  214082.85
  309     713.61    1486.39  212596.46
  310     708.65    1491.35  211105.12
  311     703.68    1496.32  209608.80
  312     698.70    1501.30  208107.50
  313     693.69    1506.31  206601.19
  314     688.67    1511.33  205089.86
  315     683.63    1516.37  203573.49
  316     678.58    1521.42  202052.07
  317     673.51    1526.49  200525.58
  318     668.42    1531.58  198994.00
  319     663.31    1536.69  197457.31
  320     658.19    1541.81  195915.50
  321     653.05    1546.95  194368.55
  322     647.90    1552.10  192816.45
  323     642.72    1557.28  191259.17
  324     637.53    1562.47  189696.70
  325     632.32    1567.68  188129.02
  326     627.10    1572.90  186556.12
  327     621.85    1578.15  184977.97
  328     616.59    1583.41  183394.57
  329     611.32    1588.68  181805.88
  330     606.02    1593.98  180211.90
  331     600.71    1599.29  178612.61
  332     595.38    1604.62  177007.98
  333     590.03    1609.97  175398.01
  334     584.66    1615.34  173782.67
  335     579.28    1620.72  172161.94
  336     573.87    1626.13  170535.82
  337     568.45    1631.55  168904.27
  338     563.01    1636.99  167267.29
  339     557.56    1642.44  165624.84
  340     552.08    1647.92  163976.93
  341     546.59    1653.41  162323.52
  342     541.08    1658.92  160664.59
  343     535.55    1664.45  159000.14
  344     530.00    1670.00  157330.14
  345     524.43    1675.57  155654.58
  346     518.85    1681.15  153973.43
  347     513.24    1686.76  152286.67
  348     507.62    1692.38  150594.29
  349     501.98    1698.02  148896.27
  350     496.32    1703.68  147192.59
  351     490.64    1709.36  145483.24
  352     484.94    1715.06  143768.18
  353     479.23    1720.77  142047.41
  354     473.49    1726.51  140320.90
  355     467.74    1732.26  138588.64
  356     461.96    1738.04  136850.60
  357     456.17    1743.83  135106.77
  358     450.36    1749.64  133357.12
  359     444.52    1755.48  131601.65
  360     438.67    1761.33  129840.32
  361     432.80    1767.20  128073.12
  362     426.91    1773.09  126300.03
  363     421.00    1779.00  124521.03
  364     415.07    1784.93  122736.10
  365     409.12    1790.88  120945.22
  366     403.15    1796.85  119148.37
  367     397.16    1802.84  117345.53
  368     391.15    1808.85  115536.68
  369     385.12    1814.88  113721.81
  370     379.07    1820.93  111900.88
  371     373.00    1827.00  110073.88
  372     366.91    1833.09  108240.79
  373     360.80    1839.20  106401.60
  374     354.67    1845.33  104556.27
  375     348.52    1851.48  102704.79
  376     342.35    1857.65  100847.14
  377     336.16    1863.84   98983.30
  378     329.94    1870.06   97113.24
  379     323.71    1876.29   95236.95
  380     317.46    1882.54   93354.41
  381     311.18    1888.82   91465.59
  382     304.89    1895.11   89570.47
  383     298.57    1901.43   87669.04
  384     292.23    1907.77   85761.27
  385     285.87    1914.13   83847.14
  386     279.49    1920.51   81926.63
  387     273.09    1926.91   79999.72
  388     266.67    1933.33   78066.39
  389     260.22    1939.78   76126.61
  390     253.76    1946.24   74180.37
  391     247.27    1952.73   72227.63
  392     240.76    1959.24   70268.39
  393     234.23    1965.77   68302.62
  394     227.68    1972.32   66330.30
  395     221.10    1978.90   64351.40
  396     214.50    1985.50   62365.90
  397     207.89    1992.11   60373.79
  398     201.25    1998.75   58375.03
  399     194.58    2005.42   56369.62
  400     187.90    2012.10   54357.52
  401     181.19    2018.81   52338.71
  402     174.46    2025.54   50313.17
  403     167.71    2032.29   48280.88
  404     160.94    2039.06   46241.82
  405     154.14    2045.86   44195.96
  406     147.32    2052.68   42143.28
  407     140.48    2059.52   40083.75
  408     133.61    2066.39   38017.37
  409     126.72    2073.28   35944.09
  410     119.81    2080.19   33863.90
  411     112.88    2087.12   31776.78
  412     105.92    2094.08   29682.71
  413      98.94    2101.06   27581.65
  414      91.94    2108.06   25473.59
  415      84.91    2115.09   23358.50
  416      77.86    2122.14   21236.36
  417      70.79    2129.21   19107.15
  418      63.69    2136.31   16970.84
  419      56.57    2143.43   14827.41
  420      49.42    2150.58   12676.83
  421      42.26    2157.74   10519.09
  422      35.06    2164.94    8354.15
  423      27.85    2172.15    6182.00
  424      20.61    2179.39    4002.61
  425      13.34    2186.66    1815.95
  426       6.05    2193.95    -378.00
